id;tp;tb;tt;tipus
1;3455;1418;4873;BEBB
2;3692;1236;4928;BEBB
3;3011;1718;4729;BEBB
4;2767;1325;4092;BEBB
5;3301;1303;4604;BEBB
6;2929;1458;4387;BEBB
7;3359;1636;4995;BEBB
8;2975;1268;4243;BEBB
9;3429;1031;4460;BEBB
10;3135;1214;4349;BEBB
11;3439;1545;4984;BEBB
12;3295;827;4122;BEBB
13;3404;1289;4693;BEBB
14;3297;2169;5466;BEBB
15;2983;1435;4418;BEBB
16;3399;1252;4651;BEBB
17;3561;1393;4954;BEBB
18;3392;1799;5191;BEBB
19;3048;1392;4440;BEBB
20;2849;1664;4513;BEBB
21;3125;1820;4945;BEBB
22;3222;1626;4848;BEBB
23;3580;1597;5177;BEBB
24;3217;1717;4934;BEBB
25;3380;1549;4929;BEBB
26;3171;1204;4375;BEBB
27;3557;1230;4787;BEBB
28;3355;1841;5196;BEBB
29;3536;1785;5321;BEBB
30;3087;1151;4238;BEBB
31;3448;1570;5018;BEBB
32;3084;1720;4804;BEBB
33;3475;1112;4587;BEBB
34;3743;1571;5314;BEBB
35;3473;1624;5097;BEBB
36;3504;1467;4971;BEBB
37;3031;1558;4589;BEBB
38;2857;1249;4106;BEBB
39;2977;1811;4788;BEBB
40;3112;1147;4259;BEBB
41;2779;1720;4499;BEBB
42;3247;1176;4423;BEBB
43;3482;1710;5192;BEBB
44;3475;1231;4706;BEBB
45;3019;1227;4246;BEBB
46;3261;1736;4997;BEBB
47;3538;1391;4929;BEBB
48;2983;1588;4571;BEBB
49;3543;1435;4978;BEBB
50;2989;1627;4616;BEBB
51;3554;1451;5005;BEBB
52;3193;1602;4795;BEBB
53;3338;1099;4437;BEBB
54;3229;1184;4413;BEBB
55;3493;1289;4782;BEBB
56;3242;1376;4618;BEBB
57;3195;1408;4603;BEBB
58;3353;1536;4889;BEBB
59;3140;1372;4512;BEBB
60;3173;2130;5303;BEBB
61;3368;1617;4985;BEBB
62;2991;1596;4587;BEBB
63;3030;1271;4301;BEBB
64;2905;1702;4607;BEBB
65;3123;1371;4494;BEBB
66;3188;1383;4571;BEBB
67;3233;1689;4922;BEBB
68;2900;1595;4495;BEBB
69;3533;1441;4974;BEBB
70;2699;1504;4203;BEBB
71;3734;1246;4980;BEBB
72;3054;991;4045;BEBB
73;3151;1744;4895;BEBB
74;3039;1610;4649;BEBB
75;2789;1392;4181;BEBB
76;3397;1683;5080;BEBB
77;3133;1554;4687;BEBB
78;3484;1393;4877;BEBB
79;2867;1938;4805;BEBB
80;3203;1486;4689;BEBB
81;3800;1174;4974;BEBB
82;3283;1790;5073;BEBB
83;3527;1389;4916;BEBB
84;3472;1314;4786;BEBB
85;3280;1051;4331;BEBB
86;2955;1546;4501;BEBB
87;3039;1077;4116;BEBB
88;3187;1855;5042;BEBB
89;3280;1149;4429;BEBB
90;2643;1445;4088;BEBB
91;3232;1192;4424;BEBB
92;3225;1588;4813;BEBB
93;3471;1552;5023;BEBB
94;3176;1300;4476;BEBB
95;3083;1219;4302;BEBB
96;3472;1233;4705;BEBB
97;3418;1454;4872;BEBB
98;3264;1805;5069;BEBB
99;2870;1363;4233;BEBB
100;3299;1392;4691;BEBB
101;3116;1486;4602;BEBB
102;3083;1713;4796;BEBB
103;3399;1727;5126;BEBB
104;3170;1882;5052;BEBB
105;3508;1354;4862;BEBB
106;3375;1572;4947;BEBB
107;2962;1793;4755;BEBB
108;2899;1594;4493;BEBB
109;3259;2112;5371;BEBB
110;3446;1528;4974;BEBB
111;3292;1620;4912;BEBB
112;3307;1360;4667;BEBB
113;3358;1491;4849;BEBB
114;2776;893;3669;BEBB
115;3469;1565;5034;BEBB
116;3208;1870;5078;BEBB
117;2798;1718;4516;BEBB
118;3552;1559;5111;BEBB
119;3391;1193;4584;BEBB
120;3379;1599;4978;BEBB
121;3621;1223;4844;BEBB
122;3225;1342;4567;BEBB
123;3018;1520;4538;BEBB
124;3365;1343;4708;BEBB
125;3358;1208;4566;BEBB
126;3207;1600;4807;BEBB
127;3065;1480;4545;BEBB
128;2874;1400;4274;BEBB
129;3368;1034;4402;BEBB
130;2792;1527;4319;BEBB
131;3060;1391;4451;BEBB
132;3262;1264;4526;BEBB
133;2736;1827;4563;BEBB
134;3413;1710;5123;BEBB
135;3293;1230;4523;BEBB
136;3654;1435;5089;BEBB
137;3144;1150;4294;BEBB
138;3580;1411;4991;BEBB
139;3664;1535;5199;BEBB
140;3447;1484;4931;BEBB
141;3296;1756;5052;BEBB
142;3566;1505;5071;BEBB
143;2915;1572;4487;BEBB
144;3373;1670;5043;BEBB
145;2870;1897;4767;BEBB
146;3349;1606;4955;BEBB
147;3340;1755;5095;BEBB
148;3181;1534;4715;BEBB
149;3010;1726;4736;BEBB
150;3302;1584;4886;BEBB
151;2998;1360;4358;BEBB
152;3104;1569;4673;BEBB
153;3153;1295;4448;BEBB
154;3376;1167;4543;BEBB
155;3157;1430;4587;BEBB
156;3274;1486;4760;BEBB
157;3391;1610;5001;BEBB
158;3109;1353;4462;BEBB
159;3348;1538;4886;BEBB
160;3246;1665;4911;BEBB
161;3020;1084;4104;BEBB
162;3217;1423;4640;BEBB
163;3597;905;4502;BEBB
164;3740;1510;5250;BEBB
165;3264;1294;4558;BEBB
166;3161;1885;5046;BEBB
167;3067;1449;4516;BEBB
168;3616;1316;4932;BEBB
169;3432;1690;5122;BEBB
170;3304;1144;4448;BEBB
171;3139;1470;4609;BEBB
172;3331;1301;4632;BEBB
173;3287;1708;4995;BEBB
174;3408;1354;4762;BEBB
175;3388;1463;4851;BEBB
176;3071;1478;4549;BEBB
177;3161;1579;4740;BEBB
178;3492;1642;5134;BEBB
179;3509;1513;5022;BEBB
180;3326;1599;4925;BEBB
181;3104;1390;4494;BEBB
182;3393;778;4171;BEBB
183;3138;1675;4813;BEBB
184;3061;1532;4593;BEBB
185;3471;1563;5034;BEBB
186;3144;1285;4429;BEBB
187;3674;1564;5238;BEBB
188;3119;1193;4312;BEBB
189;3145;1876;5021;BEBB
190;2873;1240;4113;BEBB
191;3083;1278;4361;BEBB
192;2856;1195;4051;BEBB
193;3023;1390;4413;BEBB
194;3388;1202;4590;BEBB
195;3406;1147;4553;BEBB
196;2807;1289;4096;BEBB
197;2964;1397;4361;BEBB
198;2886;1137;4023;BEBB
199;3570;1746;5316;BEBB
200;2981;1495;4476;BEBB
201;3079;1235;4314;BEBB
202;3690;1723;5413;BEBB
203;3811;1602;5413;BEBB
204;3524;1490;5014;BEBB
205;2894;1746;4640;BEBB
206;3088;1343;4431;BEBB
207;3503;1252;4755;BEBB
208;2795;1465;4260;BEBB
209;3386;1367;4753;BEBB
210;3294;1439;4733;BEBB
211;3311;904;4215;BEBB
212;3075;1326;4401;BEBB
213;3390;1444;4834;BEBB
214;3221;1209;4430;BEBB
215;3278;1726;5004;BEBB
216;2989;885;3874;BEBB
217;2759;1183;3942;BEBB
218;3367;1771;5138;BEBB
219;3230;1380;4610;BEBB
220;3361;1225;4586;BEBB
221;3382;1986;5368;BEBB
222;3234;1813;5047;BEBB
223;3314;1425;4739;BEBB
224;3266;1087;4353;BEBB
225;3362;1879;5241;BEBB
226;2663;1793;4456;BEBB
227;2987;1467;4454;BEBB
228;3087;1331;4418;BEBB
229;3230;1463;4693;BEBB
230;3160;1254;4414;BEBB
231;3150;1731;4881;BEBB
232;3238;1775;5013;BEBB
233;3153;1457;4610;BEBB
234;2956;1769;4725;BEBB
235;3572;1430;5002;BEBB
236;3309;1424;4733;BEBB
237;2954;1324;4278;BEBB
238;3689;1189;4878;BEBB
239;2897;1230;4127;BEBB
240;3051;1424;4475;BEBB
241;3099;1205;4304;BEBB
242;2976;1564;4540;BEBB
243;3160;1127;4287;BEBB
244;3071;1564;4635;BEBB
245;2943;1478;4421;BEBB
246;3477;1654;5131;BEBB
247;3184;1135;4319;BEBB
248;3086;1607;4693;BEBB
249;3564;1217;4781;BEBB
250;3527;1724;5251;BEBB
251;3356;1622;4978;BEBB
252;3571;1696;5267;BEBB
253;3234;1408;4642;BEBB
254;3240;1243;4483;BEBB
255;3422;1173;4595;BEBB
256;3423;1385;4808;BEBB
257;2985;1172;4157;BEBB
258;2788;1509;4297;BEBB
259;3327;1350;4677;BEBB
260;3055;1589;4644;BEBB
261;3295;1630;4925;BEBB
262;2958;1238;4196;BEBB
263;3333;1903;5236;BEBB
264;3150;1778;4928;BEBB
265;3604;1746;5350;BEBB
266;3764;1370;5134;BEBB
267;3104;1456;4560;BEBB
268;3674;993;4667;BEBB
269;3099;1499;4598;BEBB
270;3169;1677;4846;BEBB
271;3287;1113;4400;BEBB
272;2985;1458;4443;BEBB
273;3061;1622;4683;BEBB
274;3371;1567;4938;BEBB
275;3209;1543;4752;BEBB
276;2929;1916;4845;BEBB
277;3671;1548;5219;BEBB
278;3492;1319;4811;BEBB
279;3698;1733;5431;BEBB
280;3281;1486;4767;BEBB
281;2950;1380;4330;BEBB
282;3602;1638;5240;BEBB
283;3533;1677;5210;BEBB
284;3189;1465;4654;BEBB
285;3649;1498;5147;BEBB
286;3527;1107;4634;BEBB
287;2824;1457;4281;BEBB
288;2939;2045;4984;BEBB
289;3476;1313;4789;BEBB
290;3318;1418;4736;BEBB
291;3419;1419;4838;BEBB
292;2876;1579;4455;BEBB
293;3294;1332;4626;BEBB
294;3547;1179;4726;BEBB
295;3597;1219;4816;BEBB
296;3253;1304;4557;BEBB
297;2703;1335;4038;BEBB
298;3629;984;4613;BEBB
299;3196;1519;4715;BEBB
300;3109;1551;4660;BEBB
301;3408;1008;4416;BEBB
302;3273;1879;5152;BEBB
303;3228;1610;4838;BEBB
304;3320;1376;4696;BEBB
305;3452;1241;4693;BEBB
306;3467;1733;5200;BEBB
307;2999;1395;4394;BEBB
308;3200;1147;4347;BEBB
309;2889;1906;4795;BEBB
310;3420;1396;4816;BEBB
311;3359;1182;4541;BEBB
312;3411;1688;5099;BEBB
313;3365;1083;4448;BEBB
314;2932;1608;4540;BEBB
315;3336;1054;4390;BEBB
316;3497;1016;4513;BEBB
317;3480;1523;5003;BEBB
318;3417;1200;4617;BEBB
319;3181;1619;4800;BEBB
320;3450;1465;4915;BEBB
321;3220;1141;4361;BEBB
322;3242;1397;4639;BEBB
323;3408;1619;5027;BEBB
324;2887;1732;4619;BEBB
325;3098;1412;4510;BEBB
326;3633;1875;5508;BEBB
327;3364;1789;5153;BEBB
328;3312;1022;4334;BEBB
329;3078;1610;4688;BEBB
330;3329;1266;4595;BEBB
331;2953;1228;4181;BEBB
332;3166;1273;4439;BEBB
333;3403;1631;5034;BEBB
334;3497;1245;4742;BEBB
335;3172;1315;4487;BEBB
336;3099;1388;4487;BEBB
337;3595;1654;5249;BEBB
338;3147;1361;4508;BEBB
339;3112;1320;4432;BEBB
340;3218;1657;4875;BEBB
341;3108;1309;4417;BEBB
342;3328;1687;5015;BEBB
343;2885;1279;4164;BEBB
344;3378;1072;4450;BEBB
345;3096;1375;4471;BEBB
346;3302;1563;4865;BEBB
347;3611;1209;4820;BEBB
348;3158;1537;4695;BEBB
349;3334;1209;4543;BEBB
350;2905;2066;4971;BEBB
351;2868;1460;4328;BEBB
352;3223;1337;4560;BEBB
353;3416;1411;4827;BEBB
354;3389;1495;4884;BEBB
355;3373;1789;5162;BEBB
356;3476;1215;4691;BEBB
357;3359;1469;4828;BEBB
358;3060;1556;4616;BEBB
359;2993;1122;4115;BEBB
360;2861;1444;4305;BEBB
361;3405;1622;5027;BEBB
362;3058;1281;4339;BEBB
363;3769;1659;5428;BEBB
364;2957;1523;4480;BEBB
365;3280;1642;4922;BEBB
366;2975;1796;4771;BEBB
367;3195;1481;4676;BEBB
368;3317;1773;5090;BEBB
369;3204;1635;4839;BEBB
370;3828;1293;5121;BEBB
371;3250;1969;5219;BEBB
372;3709;1126;4835;BEBB
373;3737;1239;4976;BEBB
374;2847;1347;4194;BEBB
375;3448;1345;4793;BEBB
376;3388;1624;5012;BEBB
377;3546;1714;5260;BEBB
378;3011;1669;4680;BEBB
379;2968;1548;4516;BEBB
380;3100;1583;4683;BEBB
381;3118;1342;4460;BEBB
382;3591;1633;5224;BEBB
383;3458;1662;5120;BEBB
384;3144;1428;4572;BEBB
385;2983;1439;4422;BEBB
386;3223;1409;4632;BEBB
387;3124;1365;4489;BEBB
388;3237;2026;5263;BEBB
389;2891;1773;4664;BEBB
390;3347;1133;4480;BEBB
391;3337;1353;4690;BEBB
392;3606;1444;5050;BEBB
393;3058;1264;4322;BEBB
394;3483;1261;4744;BEBB
395;3186;1761;4947;BEBB
396;3368;1242;4610;BEBB
397;3683;1458;5141;BEBB
398;3084;1057;4141;BEBB
399;3044;1625;4669;BEBB
400;3435;1478;4913;BEBB
401;3406;1417;4823;BEBB
402;3081;1225;4306;BEBB
403;3338;1156;4494;BEBB
404;3387;1992;5379;BEBB
405;3662;1474;5136;BEBB
406;3399;1138;4537;BEBB
407;3546;1422;4968;BEBB
408;3331;1742;5073;BEBB
409;3496;1299;4795;BEBB
410;2535;1152;3687;BEBB
411;2990;1871;4861;BEBB
412;3287;1277;4564;BEBB
413;3120;1860;4980;BEBB
414;3340;1168;4508;BEBB
415;3196;1554;4750;BEBB
416;3718;1672;5390;BEBB
417;3083;1631;4714;BEBB
418;3330;1660;4990;BEBB
419;3062;1476;4538;BEBB
420;3076;1358;4434;BEBB
421;2878;1164;4042;BEBB
422;3299;627;3926;BEBB
423;2896;1232;4128;BEBB
424;3248;1715;4963;BEBB
425;3506;1364;4870;BEBB
426;3324;1436;4760;BEBB
427;3365;1205;4570;BEBB
428;2903;1364;4267;BEBB
429;3388;1466;4854;BEBB
430;3461;1453;4914;BEBB
431;3327;1772;5099;BEBB
432;3247;1226;4473;BEBB
433;3041;1791;4832;BEBB
434;3052;1375;4427;BEBB
435;3024;1421;4445;BEBB
436;3372;1297;4669;BEBB
437;3216;1584;4800;BEBB
438;2770;1163;3933;BEBB
439;3523;1496;5019;BEBB
440;3216;1463;4679;BEBB
441;3342;1748;5090;BEBB
442;2879;1551;4430;BEBB
443;2813;1293;4106;BEBB
444;2877;1514;4391;BEBB
445;3164;1441;4605;BEBB
446;3306;1232;4538;BEBB
447;3031;1456;4487;BEBB
448;3054;1063;4117;BEBB
449;2813;1433;4246;BEBB
450;3225;947;4172;BEBB
451;3077;1283;4360;BEBB
452;3456;1397;4853;BEBB
453;3252;1317;4569;BEBB
454;3495;1685;5180;BEBB
455;3345;1669;5014;BEBB
456;3616;1323;4939;BEBB
457;3347;1689;5036;BEBB
458;3045;1446;4491;BEBB
459;3344;1445;4789;BEBB
460;3209;1704;4913;BEBB
461;3717;1572;5289;BEBB
462;2936;974;3910;BEBB
463;3439;1520;4959;BEBB
464;3460;1687;5147;BEBB
465;3067;1268;4335;BEBB
466;3016;1832;4848;BEBB
467;3328;1432;4760;BEBB
468;2993;1794;4787;BEBB
469;3219;1797;5016;BEBB
470;3180;1752;4932;BEBB
471;2971;1348;4319;BEBB
472;2843;1547;4390;BEBB
473;3412;1532;4944;BEBB
474;3331;1021;4352;BEBB
475;3258;1730;4988;BEBB
476;3341;1222;4563;BEBB
477;2961;1278;4239;BEBB
478;3091;1627;4718;BEBB
479;3309;1205;4514;BEBB
480;3168;1561;4729;BEBB
481;2710;1597;4307;BEBB
482;3712;1396;5108;BEBB
483;3386;1383;4769;BEBB
484;3212;1468;4680;BEBB
485;3076;1663;4739;BEBB
486;3165;993;4158;BEBB
487;3273;1530;4803;BEBB
488;3180;1549;4729;BEBB
489;3311;1260;4571;BEBB
490;2966;1130;4096;BEBB
491;3529;1482;5011;BEBB
492;2783;1321;4104;BEBB
493;3191;1046;4237;BEBB
494;3188;1790;4978;BEBB
495;3011;1208;4219;BEBB
496;3011;1378;4389;BEBB
497;3322;1372;4694;BEBB
498;3462;1397;4859;BEBB
499;3659;1793;5452;BEBB
500;3162;1554;4716;BEBB
501;2919;1437;4356;BEBB
502;3177;1994;5171;BEBB
503;3028;1448;4476;BEBB
504;3172;1225;4397;BEBB
505;3233;1833;5066;BEBB
506;2744;1152;3896;BEBB
507;3230;1719;4949;BEBB
508;3223;1275;4498;BEBB
509;3249;1986;5235;BEBB
510;3432;1779;5211;BEBB
511;3320;1500;4820;BEBB
512;3824;1479;5303;BEBB
513;3171;1269;4440;BEBB
514;3231;1225;4456;BEBB
515;3277;1471;4748;BEBB
516;3619;1377;4996;BEBB
517;2913;1679;4592;BEBB
518;3581;1663;5244;BEBB
519;3546;1667;5213;BEBB
520;3257;1224;4481;BEBB
521;3397;1449;4846;BEBB
522;3070;1581;4651;BEBB
523;3141;1666;4807;BEBB
524;3582;1558;5140;BEBB
525;3826;1757;5583;BEBB
526;3418;1132;4550;BEBB
527;3060;1607;4667;BEBB
528;3107;1750;4857;BEBB
529;2928;1758;4686;BEBB
530;3272;1246;4518;BEBB
531;3139;1784;4923;BEBB
532;2934;1331;4265;BEBB
533;3655;1933;5588;BEBB
534;3520;1567;5087;BEBB
535;2990;1208;4198;BEBB
536;3437;2030;5467;BEBB
537;3064;1697;4761;BEBB
538;2892;1827;4719;BEBB
539;3626;1613;5239;BEBB
540;3149;1555;4704;BEBB
541;3273;1349;4622;BEBB
542;2496;1698;4194;BEBB
543;3328;1053;4381;BEBB
544;3146;1612;4758;BEBB
545;3679;1731;5410;BEBB
546;3379;1643;5022;BEBB
547;3017;1617;4634;BEBB
548;3327;1139;4466;BEBB
549;3520;1673;5193;BEBB
550;3414;1671;5085;BEBB
551;3528;1090;4618;BEBB
552;3806;1630;5436;BEBB
553;3250;1473;4723;BEBB
554;3112;1505;4617;BEBB
555;3046;1446;4492;BEBB
556;3750;1484;5234;BEBB
557;3522;1012;4534;BEBB
558;3036;938;3974;BEBB
559;3057;1782;4839;BEBB
560;3439;1225;4664;BEBB
561;3642;1291;4933;BEBB
562;3634;1127;4761;BEBB
563;3190;1229;4419;BEBB
564;3439;1303;4742;BEBB
565;2579;1505;4084;BEBB
566;3319;1568;4887;BEBB
567;3135;1427;4562;BEBB
568;3366;1035;4401;BEBB
569;3323;1130;4453;BEBB
570;2752;551;3303;BEBB
571;3596;1086;4682;BEBB
572;2871;1351;4222;BEBB
573;3096;1698;4794;BEBB
574;3224;1437;4661;BEBB
575;3315;1562;4877;BEBB
576;3330;1365;4695;BEBB
577;3139;1684;4823;BEBB
578;3461;1670;5131;BEBB
579;3034;1569;4603;BEBB
580;2877;1798;4675;BEBB
581;3280;1550;4830;BEBB
582;3315;934;4249;BEBB
583;3668;1376;5044;BEBB
584;3149;1544;4693;BEBB
585;3195;1408;4603;BEBB
586;3008;1400;4408;BEBB
587;3349;1692;5041;BEBB
588;3454;1549;5003;BEBB
589;3255;1506;4761;BEBB
590;3816;1626;5442;BEBB
591;3488;1499;4987;BEBB
592;3059;1300;4359;BEBB
593;3267;1574;4841;BEBB
594;3257;1562;4819;BEBB
595;3196;1357;4553;BEBB
596;3195;1350;4545;BEBB
597;3520;1150;4670;BEBB
598;3206;1505;4711;BEBB
599;3290;1763;5053;BEBB
600;3227;1549;4776;BEBB
601;3010;2123;5133;BEMB
602;3025;2184;5209;BEMB
603;2863;1651;4514;BEMB
604;2675;2205;4880;BEMB
605;3161;2043;5204;BEMB
606;3475;1481;4956;BEMB
607;3067;1625;4692;BEMB
608;3133;2118;5251;BEMB
609;3309;2479;5788;BEMB
610;2826;1942;4768;BEMB
611;2901;1767;4668;BEMB
612;3147;2188;5335;BEMB
613;3446;1984;5430;BEMB
614;3383;2048;5431;BEMB
615;2972;1930;4902;BEMB
616;3262;1896;5158;BEMB
617;3209;2169;5378;BEMB
618;3140;2143;5283;BEMB
619;3177;2280;5457;BEMB
620;3459;2639;6098;BEMB
621;3203;2411;5614;BEMB
622;3527;2110;5637;BEMB
623;3195;2284;5479;BEMB
624;3347;2422;5769;BEMB
625;3311;2232;5543;BEMB
626;3349;2150;5499;BEMB
627;3490;2039;5529;BEMB
628;3132;2200;5332;BEMB
629;3013;2106;5119;BEMB
630;3436;2441;5877;BEMB
631;3529;1993;5522;BEMB
632;3070;1989;5059;BEMB
633;3036;2212;5248;BEMB
634;3273;2277;5550;BEMB
635;3356;2079;5435;BEMB
636;3384;2307;5691;BEMB
637;3447;1725;5172;BEMB
638;2895;2042;4937;BEMB
639;3486;2094;5580;BEMB
640;3724;2311;6035;BEMB
641;3544;2201;5745;BEMB
642;3086;2177;5263;BEMB
643;2992;2208;5200;BEMB
644;3279;2198;5477;BEMB
645;2875;2296;5171;BEMB
646;3291;1760;5051;BEMB
647;3090;2197;5287;BEMB
648;3593;2227;5820;BEMB
649;2985;2079;5064;BEMB
650;3289;2324;5613;BEMB
651;3569;2612;6181;BEMB
652;3424;2038;5462;BEMB
653;3055;1696;4751;BEMB
654;3170;2201;5371;BEMB
655;3255;1814;5069;BEMB
656;3378;2543;5921;BEMB
657;3400;2007;5407;BEMB
658;3416;2290;5706;BEMB
659;3361;2044;5405;BEMB
660;3232;2389;5621;BEMB
661;3277;2297;5574;BEMB
662;3386;1812;5198;BEMB
663;3443;2218;5661;BEMB
664;3376;2396;5772;BEMB
665;3653;2004;5657;BEMB
666;3426;2109;5535;BEMB
667;2988;1826;4814;BEMB
668;3272;2062;5334;BEMB
669;3054;2299;5353;BEMB
670;3580;1933;5513;BEMB
671;3369;2037;5406;BEMB
672;3677;2051;5728;BEMB
673;3637;2234;5871;BEMB
674;3035;2290;5325;BEMB
675;2831;2110;4941;BEMB
676;3160;2253;5413;BEMB
677;3324;2616;5940;BEMB
678;3181;2434;5615;BEMB
679;3115;2449;5564;BEMB
680;3065;2310;5375;BEMB
681;3240;2409;5649;BEMB
682;3552;1756;5308;BEMB
683;3106;2301;5407;BEMB
684;3142;2246;5388;BEMB
685;3352;2058;5410;BEMB
686;3293;1969;5262;BEMB
687;3502;2353;5855;BEMB
688;3583;2404;5987;BEMB
689;3037;2149;5186;BEMB
690;3496;2109;5605;BEMB
691;3337;1930;5267;BEMB
692;3030;2033;5063;BEMB
693;3117;2194;5311;BEMB
694;3116;2152;5268;BEMB
695;3035;2451;5486;BEMB
696;3369;2300;5669;BEMB
697;3187;2498;5685;BEMB
698;2993;2335;5328;BEMB
699;3379;2013;5392;BEMB
700;3400;2029;5429;BEMB
701;3319;2110;5429;BEMB
702;3628;1956;5584;BEMB
703;3221;2368;5589;BEMB
704;3026;1885;4911;BEMB
705;3541;1363;4904;BEMB
706;3296;2304;5600;BEMB
707;3354;1998;5352;BEMB
708;3344;1716;5060;BEMB
709;3327;2338;5665;BEMB
710;3172;1990;5162;BEMB
711;2955;1886;4841;BEMB
712;3307;2444;5751;BEMB
713;2884;1758;4642;BEMB
714;3069;1580;4649;BEMB
715;3254;1947;5201;BEMB
716;3231;2123;5354;BEMB
717;3188;2334;5522;BEMB
718;3232;2309;5541;BEMB
719;3174;2169;5343;BEMB
720;3340;2231;5571;BEMB
721;3466;2650;6116;BEMB
722;3266;2266;5532;BEMB
723;3306;2616;5922;BEMB
724;3643;2282;5925;BEMB
725;3096;2207;5303;BEMB
726;3063;2044;5107;BEMB
727;3019;2094;5113;BEMB
728;2908;2313;5221;BEMB
729;2862;2161;5023;BEMB
730;3346;2050;5396;BEMB
731;3190;1732;4922;BEMB
732;3046;1621;4667;BEMB
733;2901;1905;4806;BEMB
734;3252;2152;5404;BEMB
735;3556;1782;5338;BEMB
736;3691;2065;5756;BEMB
737;3542;1983;5525;BEMB
738;3508;2124;5632;BEMB
739;3358;2691;6049;BEMB
740;3360;2170;5530;BEMB
741;3001;2386;5387;BEMB
742;2909;2156;5065;BEMB
743;2917;2079;4996;BEMB
744;3087;2366;5453;BEMB
745;3139;2407;5546;BEMB
746;3185;2037;5222;BEMB
747;3444;2162;5606;BEMB
748;3348;2313;5661;BEMB
749;3518;2543;6061;BEMB
750;3170;2262;5432;BEMB
751;3422;2372;5794;BEMB
752;3116;2539;5655;BEMB
753;3332;2375;5707;BEMB
754;3110;2405;5515;BEMB
755;3512;1619;5131;BEMB
756;3461;2183;5644;BEMB
757;3160;2494;5654;BEMB
758;3452;2360;5812;BEMB
759;3509;1758;5267;BEMB
760;3566;1986;5552;BEMB
761;2759;2141;4900;BEMB
762;3407;2158;5565;BEMB
763;3305;2386;5691;BEMB
764;3141;2476;5617;BEMB
765;3310;2157;5467;BEMB
766;3348;1978;5326;BEMB
767;3223;1792;5015;BEMB
768;3280;2108;5388;BEMB
769;3338;1882;5220;BEMB
770;3045;2311;5356;BEMB
771;3031;2403;5434;BEMB
772;3001;2369;5370;BEMB
773;3201;2445;5646;BEMB
774;3120;2305;5425;BEMB
775;2715;2071;4786;BEMB
776;3523;2096;5619;BEMB
777;2726;2496;5222;BEMB
778;3106;2059;5165;BEMB
779;3580;2135;5715;BEMB
780;2897;2026;4923;BEMB
781;3705;2485;6190;BEMB
782;3365;2194;5559;BEMB
783;3255;2223;5478;BEMB
784;3168;1829;4997;BEMB
785;3266;2000;5266;BEMB
786;3224;2174;5398;BEMB
787;3239;2472;5711;BEMB
788;3141;1651;4792;BEMB
789;3195;2333;5528;BEMB
790;3479;2124;5603;BEMB
791;2920;2209;5129;BEMB
792;3008;2442;5450;BEMB
793;3057;2364;5421;BEMB
794;2851;2344;5195;BEMB
795;3316;2225;5541;BEMB
796;3458;2602;6060;BEMB
797;2611;2179;4790;BEMB
798;3368;2098;5466;BEMB
799;4299;2096;6395;BEMB
800;3461;2038;5499;BEMB
801;2985;2268;5253;BEMB
802;3424;2299;5723;BEMB
803;3364;2022;5386;BEMB
804;3480;1987;5467;BEMB
805;2828;2004;4832;BEMB
806;3228;2145;5373;BEMB
807;2680;2197;4877;BEMB
808;3236;1964;5200;BEMB
809;3273;1917;5190;BEMB
810;3138;1871;5009;BEMB
811;3161;2207;5368;BEMB
812;3021;2386;5407;BEMB
813;3402;1942;5344;BEMB
814;3552;2167;5719;BEMB
815;3852;2070;5922;BEMB
816;2925;2075;5000;BEMB
817;2851;2096;4947;BEMB
818;3153;1944;5097;BEMB
819;3233;2772;6005;BEMB
820;3138;2048;5186;BEMB
821;3011;2274;5285;BEMB
822;3621;2107;5728;BEMB
823;3146;2096;5242;BEMB
824;3039;1719;4758;BEMB
825;3125;2400;5525;BEMB
826;3030;2355;5385;BEMB
827;3451;1868;5319;BEMB
828;2795;2354;5149;BEMB
829;3230;2212;5442;BEMB
830;2834;1829;4663;BEMB
831;3644;2128;5772;BEMB
832;3169;1855;5024;BEMB
833;3404;2517;5921;BEMB
834;2971;1722;4693;BEMB
835;3302;1823;5125;BEMB
836;3271;2154;5425;BEMB
837;3079;2072;5151;BEMB
838;3158;1744;4902;BEMB
839;3040;1690;4730;BEMB
840;3235;2348;5583;BEMB
841;2938;2103;5041;BEMB
842;3553;2388;5941;BEMB
843;3162;2369;5531;BEMB
844;3381;1919;5300;BEMB
845;3069;2052;5121;BEMB
846;3256;2551;5807;BEMB
847;3717;2258;5975;BEMB
848;3447;2361;5808;BEMB
849;3488;2025;5513;BEMB
850;3264;2288;5552;BEMB
851;3332;1912;5244;BEMB
852;3370;2279;5649;BEMB
853;3431;1478;4909;BEMB
854;3537;2439;5976;BEMB
855;2981;2419;5400;BEMB
856;2696;2237;4933;BEMB
857;3283;1952;5235;BEMB
858;3197;2268;5465;BEMB
859;2855;2388;5243;BEMB
860;3779;2468;6247;BEMB
861;3633;2005;5638;BEMB
862;3053;2197;5250;BEMB
863;3096;1791;4887;BEMB
864;3362;2052;5414;BEMB
865;3114;2368;5482;BEMB
866;3109;2450;5559;BEMB
867;3164;2157;5321;BEMB
868;3056;2110;5166;BEMB
869;3728;1967;5695;BEMB
870;3109;1945;5054;BEMB
871;3266;2248;5514;BEMB
872;3316;2052;5368;BEMB
873;3104;1938;5042;BEMB
874;3346;2299;5645;BEMB
875;2674;2165;4839;BEMB
876;3084;2128;5212;BEMB
877;3155;2269;5424;BEMB
878;3539;1982;5521;BEMB
879;2868;2097;4965;BEMB
880;3631;1858;5489;BEMB
881;3117;1907;5024;BEMB
882;3151;2460;5611;BEMB
883;3282;2408;5690;BEMB
884;3109;2360;5469;BEMB
885;3176;2300;5476;BEMB
886;3190;2188;5378;BEMB
887;3267;2217;5484;BEMB
888;3378;2208;5586;BEMB
889;3572;1938;5510;BEMB
890;2895;1917;4812;BEMB
891;3492;2264;5756;BEMB
892;3318;2347;5665;BEMB
893;2485;2253;4738;BEMB
894;3058;2666;5724;BEMB
895;3395;1842;5237;BEMB
896;3259;2534;5793;BEMB
897;3160;2107;5267;BEMB
898;3463;2145;5608;BEMB
899;3479;1943;5422;BEMB
900;3143;2323;5466;BEMB
901;3127;2324;5451;BEMB
902;3317;2435;5752;BEMB
903;3613;2370;5983;BEMB
904;3327;2135;5462;BEMB
905;3434;2248;5682;BEMB
906;3045;2144;5189;BEMB
907;3187;1724;4911;BEMB
908;3232;1914;5146;BEMB
909;2945;2184;5129;BEMB
910;2842;2557;5399;BEMB
911;3340;2460;5800;BEMB
912;2896;2315;5211;BEMB
913;3589;2093;5682;BEMB
914;3100;2365;5465;BEMB
915;3496;2057;5553;BEMB
916;3297;2552;5849;BEMB
917;3066;2367;5433;BEMB
918;3649;2561;6210;BEMB
919;3024;1658;4682;BEMB
920;3236;1845;5081;BEMB
921;2785;1826;4611;BEMB
922;3083;1893;4976;BEMB
923;3307;2047;5354;BEMB
924;3265;2102;5367;BEMB
925;3033;2053;5086;BEMB
926;2896;2131;5027;BEMB
927;3352;1836;5188;BEMB
928;2935;2539;5474;BEMB
929;2934;2198;5132;BEMB
930;2865;2046;4911;BEMB
931;3603;2200;5803;BEMB
932;3635;2290;5925;BEMB
933;3244;2814;6058;BEMB
934;3338;2217;5555;BEMB
935;2875;1695;4570;BEMB
936;3514;1789;5303;BEMB
937;3604;1902;5506;BEMB
938;2960;1884;4844;BEMB
939;2884;2228;5112;BEMB
940;3356;1874;5230;BEMB
941;3266;2029;5295;BEMB
942;2813;1864;4677;BEMB
943;3010;1893;4903;BEMB
944;2881;2256;5137;BEMB
945;2996;2399;5395;BEMB
946;3102;2085;5187;BEMB
947;3314;2292;5606;BEMB
948;3284;1980;5264;BEMB
949;3065;2097;5162;BEMB
950;3504;2266;5770;BEMB
951;3145;2703;5848;BEMB
952;3390;2215;5605;BEMB
953;3234;2078;5312;BEMB
954;3620;2047;5667;BEMB
955;3175;2482;5657;BEMB
956;3406;2036;5442;BEMB
957;3269;2121;5390;BEMB
958;3450;1974;5424;BEMB
959;3263;1821;5084;BEMB
960;3050;1910;4960;BEMB
961;3178;2270;5448;BEMB
962;2940;2163;5103;BEMB
963;3165;2471;5636;BEMB
964;3092;2155;5247;BEMB
965;3493;2589;6082;BEMB
966;3093;2249;5342;BEMB
967;3315;2113;5428;BEMB
968;2995;2200;5195;BEMB
969;3272;2315;5587;BEMB
970;2804;2157;4961;BEMB
971;3583;2083;5666;BEMB
972;3327;2167;5494;BEMB
973;3110;2255;5365;BEMB
974;3512;2672;6184;BEMB
975;3428;2276;5704;BEMB
976;3036;2077;5113;BEMB
977;3219;2140;5359;BEMB
978;3404;2137;5541;BEMB
979;3271;1906;5177;BEMB
980;2799;2020;4819;BEMB
981;3020;2147;5167;BEMB
982;3262;2102;5364;BEMB
983;3229;1834;5063;BEMB
984;3197;2141;5338;BEMB
985;3671;2485;6156;BEMB
986;3227;2194;5421;BEMB
987;3483;1924;5407;BEMB
988;3225;2113;5338;BEMB
989;3234;1782;5016;BEMB
990;3613;1876;5489;BEMB
991;3239;2309;5548;BEMB
992;3530;2116;5646;BEMB
993;3333;2104;5437;BEMB
994;3101;2503;5604;BEMB
995;3567;2131;5698;BEMB
996;3312;2491;5803;BEMB
997;3505;2513;6018;BEMB
998;3056;2224;5280;BEMB
999;3120;2086;5206;BEMB
1000;3230;2093;5323;BEMB
1001;3072;1849;4921;BEMB
1002;3106;2705;5811;BEMB
1003;3054;1976;5030;BEMB
1004;3655;1769;5424;BEMB
1005;3519;1897;5416;BEMB
1006;3516;2475;5991;BEMB
1007;3354;1956;5310;BEMB
1008;3221;2542;5763;BEMB
1009;3327;1812;5139;BEMB
1010;3133;2367;5500;BEMB
1011;2928;2068;4996;BEMB
1012;2805;1932;4737;BEMB
1013;3547;2256;5803;BEMB
1014;3550;2245;5795;BEMB
1015;3036;2570;5606;BEMB
1016;3315;1941;5256;BEMB
1017;3141;2272;5413;BEMB
1018;3256;2208;5464;BEMB
1019;3004;2602;5606;BEMB
1020;3445;2307;5752;BEMB
1021;3286;1975;5261;BEMB
1022;3566;2456;6022;BEMB
1023;3267;2256;5523;BEMB
1024;3227;2252;5479;BEMB
1025;3091;2320;5411;BEMB
1026;2976;2167;5143;BEMB
1027;3415;2228;5643;BEMB
1028;3913;1748;5661;BEMB
1029;2942;2193;5135;BEMB
1030;3153;1754;4907;BEMB
1031;3032;1933;4965;BEMB
1032;3115;1914;5029;BEMB
1033;3730;2276;6006;BEMB
1034;3150;2325;5475;BEMB
1035;3302;2359;5661;BEMB
1036;3330;1712;5042;BEMB
1037;3278;2091;5369;BEMB
1038;3516;2341;5857;BEMB
1039;3463;2314;5777;BEMB
1040;3552;2069;5621;BEMB
1041;2797;2125;4922;BEMB
1042;2969;2131;5100;BEMB
1043;2999;2361;5360;BEMB
1044;2998;1835;4833;BEMB
1045;3000;2207;5207;BEMB
1046;3085;2209;5294;BEMB
1047;3707;2075;5782;BEMB
1048;3404;1805;5209;BEMB
1049;3081;1973;5054;BEMB
1050;3177;2294;5471;BEMB
1051;3334;2700;6034;BEMB
1052;3184;2458;5642;BEMB
1053;3549;2039;5588;BEMB
1054;2836;2332;5168;BEMB
1055;3905;1979;5884;BEMB
1056;3414;1968;5382;BEMB
1057;3061;1704;4765;BEMB
1058;3336;1970;5306;BEMB
1059;3004;2228;5232;BEMB
1060;3260;2159;5419;BEMB
1061;2986;1735;4721;BEMB
1062;3321;2294;5615;BEMB
1063;3182;2228;5410;BEMB
1064;3546;2123;5669;BEMB
1065;3336;2003;5339;BEMB
1066;3035;2521;5556;BEMB
1067;3050;1896;4946;BEMB
1068;2883;2141;5024;BEMB
1069;3124;2130;5254;BEMB
1070;3255;2217;5472;BEMB
1071;2972;2418;5390;BEMB
1072;3212;2121;5333;BEMB
1073;3222;1633;4855;BEMB
1074;3311;2182;5493;BEMB
1075;2927;2456;5383;BEMB
1076;3323;2364;5687;BEMB
1077;3651;2130;5781;BEMB
1078;3353;2114;5467;BEMB
1079;3118;2113;5231;BEMB
1080;3458;2578;6036;BEMB
1081;2898;2370;5268;BEMB
1082;2890;2208;5098;BEMB
1083;3252;2288;5540;BEMB
1084;2890;2265;5155;BEMB
1085;3485;1885;5370;BEMB
1086;3317;2411;5728;BEMB
1087;3039;2078;5117;BEMB
1088;3707;2182;5889;BEMB
1089;3256;1985;5241;BEMB
1090;3224;2402;5626;BEMB
1091;3462;2233;5695;BEMB
1092;3302;2085;5387;BEMB
1093;3290;1949;5239;BEMB
1094;3059;2394;5453;BEMB
1095;3069;2339;5408;BEMB
1096;3348;1773;5121;BEMB
1097;3360;2523;5883;BEMB
1098;2978;1952;4930;BEMB
1099;3315;2003;5318;BEMB
1100;3184;1895;5079;BEMB
1101;2976;2368;5344;BEMB
1102;3492;2068;5560;BEMB
1103;3353;2097;5450;BEMB
1104;3175;2192;5367;BEMB
1105;3294;1464;4758;BEMB
1106;3413;1902;5315;BEMB
1107;3682;2547;6229;BEMB
1108;3244;2438;5682;BEMB
1109;3226;1862;5088;BEMB
1110;2887;1875;4762;BEMB
1111;2780;2298;5078;BEMB
1112;3043;1957;5000;BEMB
1113;2983;2222;5205;BEMB
1114;3206;2351;5557;BEMB
1115;3136;2318;5454;BEMB
1116;2896;2276;5172;BEMB
1117;3472;1745;5217;BEMB
1118;3099;1783;4882;BEMB
1119;2580;2488;5068;BEMB
1120;3269;1902;5171;BEMB
1121;3514;2324;5838;BEMB
1122;2975;2368;5343;BEMB
1123;3266;1768;5034;BEMB
1124;2822;2284;5106;BEMB
1125;3529;2075;5604;BEMB
1126;3058;2248;5306;BEMB
1127;3026;2240;5266;BEMB
1128;3553;1854;5407;BEMB
1129;3492;2128;5620;BEMB
1130;2974;1644;4618;BEMB
1131;3154;2201;5355;BEMB
1132;3280;1448;4728;BEMB
1133;3198;1990;5188;BEMB
1134;3237;2163;5400;BEMB
1135;3408;2245;5653;BEMB
1136;3178;2234;5412;BEMB
1137;3491;2186;5677;BEMB
1138;3510;1825;5335;BEMB
1139;2715;2043;4758;BEMB
1140;3082;1996;5078;BEMB
1141;3326;2046;5372;BEMB
1142;3212;1967;5179;BEMB
1143;3387;2113;5500;BEMB
1144;2969;2078;5047;BEMB
1145;2669;2410;5079;BEMB
1146;3317;1690;5007;BEMB
1147;3554;2042;5596;BEMB
1148;3249;2293;5542;BEMB
1149;3522;2758;6280;BEMB
1150;3069;2346;5415;BEMB
1151;3165;1854;5019;BEMB
1152;4052;1765;5817;BEMB
1153;3464;1947;5411;BEMB
1154;3197;1862;5059;BEMB
1155;3235;2572;5807;BEMB
1156;3154;2025;5179;BEMB
1157;3539;2188;5727;BEMB
1158;3040;1758;4798;BEMB
1159;3017;2117;5134;BEMB
1160;3177;1863;5040;BEMB
1161;3669;2340;6009;BEMB
1162;3309;2256;5565;BEMB
1163;3055;1829;4884;BEMB
1164;3065;2084;5149;BEMB
1165;3167;1741;4908;BEMB
1166;3362;2474;5836;BEMB
1167;2918;2138;5056;BEMB
1168;3152;2418;5570;BEMB
1169;3715;2231;5946;BEMB
1170;3415;2058;5473;BEMB
1171;2946;2166;5112;BEMB
1172;3730;2001;5731;BEMB
1173;3187;2500;5687;BEMB
1174;3132;2058;5190;BEMB
1175;3180;1721;4901;BEMB
1176;2703;1968;4671;BEMB
1177;3213;2310;5523;BEMB
1178;3541;2059;5600;BEMB
1179;4273;2016;6289;BEMB
1180;3308;2371;5679;BEMB
1181;2894;2066;4960;BEMB
1182;3197;2235;5432;BEMB
1183;3432;2057;5489;BEMB
1184;3169;2148;5317;BEMB
1185;2876;2051;4927;BEMB
1186;3454;1662;5116;BEMB
1187;3149;2255;5404;BEMB
1188;3395;2005;5400;BEMB
1189;3186;1946;5132;BEMB
1190;3415;2114;5529;BEMB
1191;2894;2478;5372;BEMB
1192;3488;1934;5422;BEMB
1193;2991;1860;4851;BEMB
1194;3298;1826;5124;BEMB
1195;3175;1924;5099;BEMB
1196;3402;2408;5810;BEMB
1197;3456;2411;5867;BEMB
1198;3310;2329;5639;BEMB
1199;3516;1514;5030;BEMB
1200;3015;2410;5425;BEMB
1201;4308;1752;6060;MEBB
1202;3932;1459;5391;MEBB
1203;4507;1359;5866;MEBB
1204;4296;1595;5891;MEBB
1205;4283;1557;5840;MEBB
1206;4699;1674;6373;MEBB
1207;3862;1603;5465;MEBB
1208;4240;1539;5779;MEBB
1209;3808;1390;5198;MEBB
1210;4480;1585;6065;MEBB
1211;4048;1498;5546;MEBB
1212;4356;1420;5776;MEBB
1213;4155;1281;5436;MEBB
1214;4121;1331;5452;MEBB
1215;4100;1533;5633;MEBB
1216;4569;1278;5847;MEBB
1217;4037;1448;5485;MEBB
1218;4271;1565;5836;MEBB
1219;3922;1421;5343;MEBB
1220;4474;1356;5830;MEBB
1221;4447;1985;6432;MEBB
1222;4084;1629;5713;MEBB
1223;3790;1161;4951;MEBB
1224;4655;1268;5923;MEBB
1225;4852;1582;6434;MEBB
1226;3972;1264;5236;MEBB
1227;4253;1472;5725;MEBB
1228;4306;1257;5563;MEBB
1229;4392;1711;6103;MEBB
1230;4302;1496;5798;MEBB
1231;4087;1573;5660;MEBB
1232;4542;1259;5801;MEBB
1233;4491;1474;5965;MEBB
1234;4127;1607;5734;MEBB
1235;4369;1456;5825;MEBB
1236;3996;1256;5252;MEBB
1237;4274;1099;5373;MEBB
1238;4616;1799;6415;MEBB
1239;3992;928;4920;MEBB
1240;4564;1384;5948;MEBB
1241;3839;1294;5133;MEBB
1242;4341;1324;5665;MEBB
1243;4687;1888;6575;MEBB
1244;4381;930;5311;MEBB
1245;4620;1892;6512;MEBB
1246;3840;1241;5081;MEBB
1247;4035;1746;5781;MEBB
1248;4211;1056;5267;MEBB
1249;4255;1528;5783;MEBB
1250;4258;1160;5418;MEBB
1251;4610;1626;6236;MEBB
1252;4437;1279;5716;MEBB
1253;4215;1073;5288;MEBB
1254;3974;1472;5446;MEBB
1255;4904;1049;5953;MEBB
1256;4301;1576;5877;MEBB
1257;4430;1869;6299;MEBB
1258;4177;1807;5984;MEBB
1259;4037;946;4983;MEBB
1260;4135;1863;5998;MEBB
1261;4135;976;5111;MEBB
1262;4471;1531;6002;MEBB
1263;3950;1446;5396;MEBB
1264;4157;1091;5248;MEBB
1265;4264;1539;5803;MEBB
1266;4273;1404;5677;MEBB
1267;4384;1550;5934;MEBB
1268;4393;1300;5693;MEBB
1269;4192;1069;5261;MEBB
1270;4393;1339;5732;MEBB
1271;4292;1199;5491;MEBB
1272;4507;1445;5952;MEBB
1273;3848;1650;5498;MEBB
1274;3988;1756;5744;MEBB
1275;4368;1307;5675;MEBB
1276;3999;1740;5739;MEBB
1277;4495;1666;6161;MEBB
1278;4330;1552;5882;MEBB
1279;4452;2025;6477;MEBB
1280;4242;1658;5900;MEBB
1281;4303;1223;5526;MEBB
1282;4172;1499;5671;MEBB
1283;4241;1590;5831;MEBB
1284;4136;1580;5716;MEBB
1285;4313;1177;5490;MEBB
1286;4281;1754;6035;MEBB
1287;4245;1383;5628;MEBB
1288;4305;1105;5410;MEBB
1289;4169;1640;5809;MEBB
1290;4242;1373;5615;MEBB
1291;4196;1872;6068;MEBB
1292;4428;1490;5918;MEBB
1293;4266;1433;5699;MEBB
1294;4134;1413;5547;MEBB
1295;4203;1203;5406;MEBB
1296;4385;1599;5984;MEBB
1297;4499;1226;5725;MEBB
1298;4514;1507;6021;MEBB
1299;4394;1385;5779;MEBB
1300;3801;1694;5495;MEBB
1301;4208;1496;5704;MEBB
1302;4642;1628;6270;MEBB
1303;3841;1242;5083;MEBB
1304;4182;1642;5824;MEBB
1305;4053;1438;5491;MEBB
1306;4270;962;5232;MEBB
1307;4408;1897;6305;MEBB
1308;4710;1372;6082;MEBB
1309;4109;1160;5269;MEBB
1310;4201;1429;5630;MEBB
1311;4416;1444;5860;MEBB
1312;4237;1542;5779;MEBB
1313;4005;1383;5388;MEBB
1314;4627;1397;6024;MEBB
1315;4142;1485;5627;MEBB
1316;4406;1544;5950;MEBB
1317;4275;836;5111;MEBB
1318;4649;1656;6305;MEBB
1319;4346;959;5305;MEBB
1320;4141;1448;5589;MEBB
1321;4437;1728;6165;MEBB
1322;4384;1903;6287;MEBB
1323;4542;1337;5879;MEBB
1324;4057;1755;5812;MEBB
1325;4513;1185;5698;MEBB
1326;4022;1461;5483;MEBB
1327;4468;1552;6020;MEBB
1328;4331;1386;5717;MEBB
1329;3754;1513;5267;MEBB
1330;4002;940;4942;MEBB
1331;4283;1670;5953;MEBB
1332;4298;1583;5881;MEBB
1333;4537;937;5474;MEBB
1334;4279;1348;5627;MEBB
1335;4568;1417;5985;MEBB
1336;3921;1255;5176;MEBB
1337;4367;1835;6202;MEBB
1338;4101;1895;5996;MEBB
1339;4462;1400;5862;MEBB
1340;4263;1292;5555;MEBB
1341;4381;1370;5751;MEBB
1342;4004;1279;5283;MEBB
1343;4233;1795;6028;MEBB
1344;4341;1259;5600;MEBB
1345;4932;1230;6162;MEBB
1346;3865;1315;5180;MEBB
1347;4433;1806;6239;MEBB
1348;4673;1559;6232;MEBB
1349;3980;1473;5453;MEBB
1350;4513;1606;6119;MEBB
1351;4054;1229;5283;MEBB
1352;3916;1517;5433;MEBB
1353;4248;1648;5896;MEBB
1354;4398;1792;6190;MEBB
1355;4512;1474;5986;MEBB
1356;4348;2102;6450;MEBB
1357;4428;1562;5990;MEBB
1358;4519;1200;5719;MEBB
1359;4376;908;5284;MEBB
1360;4093;1160;5253;MEBB
1361;4263;1268;5531;MEBB
1362;4415;1345;5760;MEBB
1363;4571;1754;6325;MEBB
1364;4020;937;4957;MEBB
1365;4379;1637;6016;MEBB
1366;4411;1556;5967;MEBB
1367;4115;1745;5860;MEBB
1368;4086;1065;5151;MEBB
1369;3721;1525;5246;MEBB
1370;4114;1355;5469;MEBB
1371;4432;1379;5811;MEBB
1372;3794;1018;4812;MEBB
1373;4322;1429;5751;MEBB
1374;4350;1860;6210;MEBB
1375;4639;1563;6202;MEBB
1376;4257;1525;5782;MEBB
1377;3887;1432;5319;MEBB
1378;4359;1260;5619;MEBB
1379;4308;2182;6490;MEBB
1380;4348;1439;5787;MEBB
1381;4563;1141;5704;MEBB
1382;4455;1688;6143;MEBB
1383;4549;1170;5719;MEBB
1384;4744;846;5590;MEBB
1385;4316;1525;5841;MEBB
1386;3998;1702;5700;MEBB
1387;4539;1698;6237;MEBB
1388;4387;1433;5820;MEBB
1389;4281;1363;5644;MEBB
1390;4034;1631;5665;MEBB
1391;4315;1837;6152;MEBB
1392;4012;1733;5745;MEBB
1393;4222;1663;5885;MEBB
1394;4355;1271;5626;MEBB
1395;4352;1311;5663;MEBB
1396;4410;955;5365;MEBB
1397;4146;1356;5502;MEBB
1398;4195;1474;5669;MEBB
1399;4174;1526;5700;MEBB
1400;4156;1266;5422;MEBB
1401;4427;1486;5913;MEBB
1402;4277;1682;5959;MEBB
1403;4373;1396;5769;MEBB
1404;4294;1282;5576;MEBB
1405;4214;1852;6066;MEBB
1406;4012;1425;5437;MEBB
1407;4370;1624;5994;MEBB
1408;4438;1942;6380;MEBB
1409;4822;1397;6219;MEBB
1410;4076;1432;5508;MEBB
1411;4468;1492;5960;MEBB
1412;4212;1242;5454;MEBB
1413;4099;1538;5637;MEBB
1414;4496;1297;5793;MEBB
1415;4247;1586;5833;MEBB
1416;4647;1770;6417;MEBB
1417;4174;1381;5555;MEBB
1418;4329;1285;5614;MEBB
1419;4417;1503;5920;MEBB
1420;4339;1513;5852;MEBB
1421;4312;1561;5873;MEBB
1422;4492;1814;6306;MEBB
1423;3808;2012;5820;MEBB
1424;4604;1758;6362;MEBB
1425;4091;881;4972;MEBB
1426;3592;1404;4996;MEBB
1427;4567;1474;6041;MEBB
1428;4578;1942;6520;MEBB
1429;4140;1141;5281;MEBB
1430;4264;932;5196;MEBB
1431;4168;973;5141;MEBB
1432;4396;1439;5835;MEBB
1433;4269;1081;5350;MEBB
1434;4285;927;5212;MEBB
1435;4339;1475;5814;MEBB
1436;4139;1244;5383;MEBB
1437;4329;1682;6011;MEBB
1438;4628;1655;6283;MEBB
1439;4188;1753;5941;MEBB
1440;4006;1475;5481;MEBB
1441;4345;1085;5430;MEBB
1442;4161;1266;5427;MEBB
1443;3882;1367;5249;MEBB
1444;4388;1736;6124;MEBB
1445;3952;1065;5017;MEBB
1446;3693;1586;5279;MEBB
1447;4179;1452;5631;MEBB
1448;3870;1643;5513;MEBB
1449;4498;1215;5713;MEBB
1450;4319;1495;5814;MEBB
1451;3878;1185;5063;MEBB
1452;4228;1543;5771;MEBB
1453;4480;1352;5832;MEBB
1454;4510;1447;5957;MEBB
1455;4586;1031;5617;MEBB
1456;3777;1690;5467;MEBB
1457;4449;1475;5924;MEBB
1458;4224;1323;5547;MEBB
1459;4318;1246;5564;MEBB
1460;4168;1256;5424;MEBB
1461;4064;1373;5437;MEBB
1462;4797;1244;6041;MEBB
1463;4533;1777;6310;MEBB
1464;4143;1424;5567;MEBB
1465;4523;1955;6478;MEBB
1466;4192;1458;5650;MEBB
1467;4394;1181;5575;MEBB
1468;4149;1217;5366;MEBB
1469;4294;1279;5573;MEBB
1470;3969;1235;5204;MEBB
1471;4362;1402;5764;MEBB
1472;4372;1439;5811;MEBB
1473;3990;1241;5231;MEBB
1474;4042;1587;5629;MEBB
1475;4193;859;5052;MEBB
1476;4436;1497;5933;MEBB
1477;4652;1420;6072;MEBB
1478;4457;1560;6017;MEBB
1479;4397;1809;6206;MEBB
1480;4630;2056;6686;MEBB
1481;4210;1204;5414;MEBB
1482;4083;1311;5394;MEBB
1483;4401;1354;5755;MEBB
1484;4684;1728;6412;MEBB
1485;4172;1698;5870;MEBB
1486;3921;1283;5204;MEBB
1487;4124;1434;5558;MEBB
1488;4232;1423;5655;MEBB
1489;4097;1616;5713;MEBB
1490;4603;1405;6008;MEBB
1491;4381;1698;6079;MEBB
1492;3803;1609;5412;MEBB
1493;4342;1421;5763;MEBB
1494;4195;1809;6004;MEBB
1495;4446;1195;5641;MEBB
1496;4408;1221;5629;MEBB
1497;4261;1541;5802;MEBB
1498;3876;1377;5253;MEBB
1499;4027;1370;5397;MEBB
1500;4264;1379;5643;MEBB
1501;4625;1388;6013;MEBB
1502;3826;1602;5428;MEBB
1503;4153;892;5045;MEBB
1504;4001;1134;5135;MEBB
1505;4609;1310;5919;MEBB
1506;4386;1172;5558;MEBB
1507;4615;1580;6195;MEBB
1508;4244;1566;5810;MEBB
1509;4250;1586;5836;MEBB
1510;4166;1486;5652;MEBB
1511;4356;1474;5830;MEBB
1512;4215;1231;5446;MEBB
1513;3807;1485;5292;MEBB
1514;3992;1580;5572;MEBB
1515;4523;1560;6083;MEBB
1516;4185;1429;5614;MEBB
1517;4123;1843;5966;MEBB
1518;4699;1549;6248;MEBB
1519;4004;1317;5321;MEBB
1520;4139;1306;5445;MEBB
1521;4007;1399;5406;MEBB
1522;4294;1898;6192;MEBB
1523;4290;1094;5384;MEBB
1524;3858;1340;5198;MEBB
1525;4170;1778;5948;MEBB
1526;3940;1192;5132;MEBB
1527;4371;1401;5772;MEBB
1528;4031;1695;5726;MEBB
1529;4405;1730;6135;MEBB
1530;4163;1704;5867;MEBB
1531;3805;1303;5108;MEBB
1532;3683;1250;4933;MEBB
1533;4103;1200;5303;MEBB
1534;4685;1743;6428;MEBB
1535;4374;1580;5954;MEBB
1536;4289;1710;5999;MEBB
1537;4465;1555;6020;MEBB
1538;4531;1278;5809;MEBB
1539;4486;1308;5794;MEBB
1540;3914;1347;5261;MEBB
1541;4351;1508;5859;MEBB
1542;4577;1266;5843;MEBB
1543;4554;1431;5985;MEBB
1544;3978;1619;5597;MEBB
1545;4437;1512;5949;MEBB
1546;4272;1548;5820;MEBB
1547;4361;1017;5378;MEBB
1548;4188;1923;6111;MEBB
1549;4616;1284;5900;MEBB
1550;4466;1447;5913;MEBB
1551;3915;1388;5303;MEBB
1552;4529;1289;5818;MEBB
1553;4394;1221;5615;MEBB
1554;4550;1434;5984;MEBB
1555;4443;1505;5948;MEBB
1556;3744;1518;5262;MEBB
1557;4256;1460;5716;MEBB
1558;4072;1640;5712;MEBB
1559;4327;1996;6323;MEBB
1560;4336;1659;5995;MEBB
1561;4399;1293;5692;MEBB
1562;4409;1987;6396;MEBB
1563;4416;1332;5748;MEBB
1564;4396;1349;5745;MEBB
1565;4438;1183;5621;MEBB
1566;3960;1261;5221;MEBB
1567;4437;1306;5743;MEBB
1568;3975;1239;5214;MEBB
1569;4359;1753;6112;MEBB
1570;4163;1533;5696;MEBB
1571;3945;1129;5074;MEBB
1572;4417;1624;6041;MEBB
1573;4339;1258;5597;MEBB
1574;4519;1123;5642;MEBB
1575;4697;1431;6128;MEBB
1576;4469;1461;5930;MEBB
1577;4051;1002;5053;MEBB
1578;4224;1429;5653;MEBB
1579;4635;1255;5890;MEBB
1580;3820;1356;5176;MEBB
1581;4410;1430;5840;MEBB
1582;4441;1395;5836;MEBB
1583;4338;1404;5742;MEBB
1584;4071;1717;5788;MEBB
1585;3643;1410;5053;MEBB
1586;4585;1688;6273;MEBB
1587;3786;1350;5136;MEBB
1588;4231;987;5218;MEBB
1589;4316;847;5163;MEBB
1590;4449;1633;6082;MEBB
1591;4338;1201;5539;MEBB
1592;4444;1520;5964;MEBB
1593;4126;1479;5605;MEBB
1594;4654;1426;6080;MEBB
1595;4419;1426;5845;MEBB
1596;4494;1460;5954;MEBB
1597;4162;1344;5506;MEBB
1598;4418;1144;5562;MEBB
1599;4399;1446;5845;MEBB
1600;3915;1261;5176;MEBB
1601;4341;1375;5716;MEBB
1602;3934;1763;5697;MEBB
1603;4131;1605;5736;MEBB
1604;4424;1298;5722;MEBB
1605;4301;1528;5829;MEBB
1606;4403;1664;6067;MEBB
1607;4217;1008;5225;MEBB
1608;4478;1341;5819;MEBB
1609;4177;1302;5479;MEBB
1610;4235;997;5232;MEBB
1611;4287;1023;5310;MEBB
1612;4209;1520;5729;MEBB
1613;4634;1530;6164;MEBB
1614;3979;1268;5247;MEBB
1615;4218;1474;5692;MEBB
1616;4239;1440;5679;MEBB
1617;3888;1415;5303;MEBB
1618;4579;1464;6043;MEBB
1619;4186;1269;5455;MEBB
1620;4061;1560;5621;MEBB
1621;4193;1423;5616;MEBB
1622;4171;1468;5639;MEBB
1623;4199;1296;5495;MEBB
1624;4185;1397;5582;MEBB
1625;3975;1525;5500;MEBB
1626;3989;1391;5380;MEBB
1627;4710;1437;6147;MEBB
1628;3790;1233;5023;MEBB
1629;4753;1225;5978;MEBB
1630;4059;1452;5511;MEBB
1631;4622;1271;5893;MEBB
1632;4119;1104;5223;MEBB
1633;4078;1535;5613;MEBB
1634;4163;1227;5390;MEBB
1635;4290;1214;5504;MEBB
1636;4631;1602;6233;MEBB
1637;3788;1746;5534;MEBB
1638;3721;1910;5631;MEBB
1639;4080;1416;5496;MEBB
1640;4610;1538;6148;MEBB
1641;4213;1373;5586;MEBB
1642;4228;1095;5323;MEBB
1643;4225;1459;5684;MEBB
1644;4636;1428;6064;MEBB
1645;3815;1491;5306;MEBB
1646;4601;1651;6252;MEBB
1647;4546;869;5415;MEBB
1648;4084;1407;5491;MEBB
1649;4359;1437;5796;MEBB
1650;4221;1010;5231;MEBB
1651;4055;1258;5313;MEBB
1652;4268;1510;5778;MEBB
1653;4279;1457;5736;MEBB
1654;4016;1390;5406;MEBB
1655;4107;2050;6157;MEBB
1656;4619;1238;5857;MEBB
1657;4249;1402;5651;MEBB
1658;4444;1581;6025;MEBB
1659;3854;1355;5209;MEBB
1660;4185;1537;5722;MEBB
1661;4483;1662;6145;MEBB
1662;4322;1268;5590;MEBB
1663;4151;1371;5522;MEBB
1664;4381;1318;5699;MEBB
1665;4994;1849;6843;MEBB
1666;4209;1515;5724;MEBB
1667;3736;1480;5216;MEBB
1668;4410;1620;6030;MEBB
1669;4335;1461;5796;MEBB
1670;4027;1261;5288;MEBB
1671;4437;1628;6065;MEBB
1672;4039;872;4911;MEBB
1673;4442;1225;5667;MEBB
1674;4762;1909;6671;MEBB
1675;3485;1852;5337;MEBB
1676;4640;1707;6347;MEBB
1677;4260;1201;5461;MEBB
1678;4279;1360;5639;MEBB
1679;4317;1334;5651;MEBB
1680;4164;1815;5979;MEBB
1681;4466;1115;5581;MEBB
1682;4618;1250;5868;MEBB
1683;4456;1302;5758;MEBB
1684;4459;1274;5733;MEBB
1685;4380;1172;5552;MEBB
1686;4136;1574;5710;MEBB
1687;4007;1536;5543;MEBB
1688;4283;1151;5434;MEBB
1689;3951;1175;5126;MEBB
1690;4120;1423;5543;MEBB
1691;4219;2003;6222;MEBB
1692;4047;1162;5209;MEBB
1693;3924;1395;5319;MEBB
1694;3769;1083;4852;MEBB
1695;4091;1733;5824;MEBB
1696;4196;1523;5719;MEBB
1697;4302;1668;5970;MEBB
1698;4295;1732;6027;MEBB
1699;4730;1305;6035;MEBB
1700;4329;1685;6014;MEBB
1701;4305;1325;5630;MEBB
1702;3916;1208;5124;MEBB
1703;4283;1750;6033;MEBB
1704;4200;1174;5374;MEBB
1705;4378;1764;6142;MEBB
1706;4107;1448;5555;MEBB
1707;4246;1643;5889;MEBB
1708;4312;1167;5479;MEBB
1709;4611;1556;6167;MEBB
1710;4627;1211;5838;MEBB
1711;4606;1320;5926;MEBB
1712;4428;1492;5920;MEBB
1713;4472;1119;5591;MEBB
1714;4481;1697;6178;MEBB
1715;4200;1704;5904;MEBB
1716;4567;1841;6408;MEBB
1717;3983;1320;5303;MEBB
1718;4130;1682;5812;MEBB
1719;4260;1109;5369;MEBB
1720;4220;1177;5397;MEBB
1721;4279;1325;5604;MEBB
1722;4289;1100;5389;MEBB
1723;4396;1609;6005;MEBB
1724;4289;1833;6122;MEBB
1725;4227;1748;5975;MEBB
1726;4317;1770;6087;MEBB
1727;4147;1690;5837;MEBB
1728;4373;1688;6061;MEBB
1729;4244;1240;5484;MEBB
1730;4124;1511;5635;MEBB
1731;4240;1489;5729;MEBB
1732;4384;1430;5814;MEBB
1733;4080;1505;5585;MEBB
1734;4486;2070;6556;MEBB
1735;4783;1237;6020;MEBB
1736;3784;1262;5046;MEBB
1737;4074;1533;5607;MEBB
1738;3773;1340;5113;MEBB
1739;4331;1399;5730;MEBB
1740;3570;1331;4901;MEBB
1741;4504;1554;6058;MEBB
1742;4060;1628;5688;MEBB
1743;4252;1549;5801;MEBB
1744;4640;1212;5852;MEBB
1745;4204;1494;5698;MEBB
1746;4405;1312;5717;MEBB
1747;4392;1611;6003;MEBB
1748;4137;1198;5335;MEBB
1749;4862;1848;6710;MEBB
1750;4224;1306;5530;MEBB
1751;4377;1656;6033;MEBB
1752;4323;1440;5763;MEBB
1753;3833;1203;5036;MEBB
1754;3860;1665;5525;MEBB
1755;4188;1111;5299;MEBB
1756;4256;1251;5507;MEBB
1757;4253;1420;5673;MEBB
1758;4317;1684;6001;MEBB
1759;4446;1009;5455;MEBB
1760;4137;1270;5407;MEBB
1761;3948;1259;5207;MEBB
1762;4099;1708;5807;MEBB
1763;4082;1315;5397;MEBB
1764;4410;1604;6014;MEBB
1765;4172;1360;5532;MEBB
1766;4227;1690;5917;MEBB
1767;4076;1606;5682;MEBB
1768;4312;1361;5673;MEBB
1769;4535;1551;6086;MEBB
1770;3818;1414;5232;MEBB
1771;4024;1357;5381;MEBB
1772;4701;879;5580;MEBB
1773;4399;1360;5759;MEBB
1774;4807;1031;5838;MEBB
1775;4214;1531;5745;MEBB
1776;4353;1512;5865;MEBB
1777;4003;1136;5139;MEBB
1778;4331;1876;6207;MEBB
1779;3988;931;4919;MEBB
1780;4354;1235;5589;MEBB
1781;4507;1551;6058;MEBB
1782;4433;1580;6013;MEBB
1783;4119;1399;5518;MEBB
1784;4161;1617;5778;MEBB
1785;4297;1320;5617;MEBB
1786;4262;1607;5869;MEBB
1787;4360;1410;5770;MEBB
1788;4121;1104;5225;MEBB
1789;3624;1191;4815;MEBB
1790;4197;1416;5613;MEBB
1791;4449;1927;6376;MEBB
1792;3990;1399;5389;MEBB
1793;4484;1014;5498;MEBB
1794;4847;1545;6392;MEBB
1795;4282;1492;5774;MEBB
1796;4350;1184;5534;MEBB
1797;4005;1621;5626;MEBB
1798;4076;1128;5204;MEBB
1799;4466;1097;5563;MEBB
1800;4559;882;5441;MEBB
1801;4030;2143;6173;MEMB
1802;3916;2347;6263;MEMB
1803;4619;2389;7008;MEMB
1804;4231;2185;6416;MEMB
1805;3555;2240;5795;MEMB
1806;3893;2106;5999;MEMB
1807;4672;1798;6470;MEMB
1808;3976;2112;6088;MEMB
1809;4126;1901;6027;MEMB
1810;4477;1631;6108;MEMB
1811;4651;2356;7007;MEMB
1812;4303;2129;6432;MEMB
1813;4672;2396;7068;MEMB
1814;4221;2062;6283;MEMB
1815;4421;2030;6451;MEMB
1816;4578;1822;6400;MEMB
1817;4551;1854;6405;MEMB
1818;4156;2318;6474;MEMB
1819;4455;2674;7129;MEMB
1820;4798;2241;7039;MEMB
1821;3974;1995;5969;MEMB
1822;4260;2691;6951;MEMB
1823;4118;2283;6401;MEMB
1824;4110;1796;5906;MEMB
1825;4151;2106;6257;MEMB
1826;4216;1691;5907;MEMB
1827;3926;2290;6216;MEMB
1828;4179;2454;6633;MEMB
1829;3720;1831;5551;MEMB
1830;3981;2391;6372;MEMB
1831;4407;2495;6902;MEMB
1832;4195;2488;6683;MEMB
1833;4477;2321;6798;MEMB
1834;4567;2537;7104;MEMB
1835;4461;2283;6744;MEMB
1836;4420;1676;6096;MEMB
1837;4058;2360;6418;MEMB
1838;4367;2391;6758;MEMB
1839;4280;1938;6218;MEMB
1840;4464;2065;6529;MEMB
1841;4332;2856;7188;MEMB
1842;4446;2114;6560;MEMB
1843;3971;1892;5863;MEMB
1844;4119;2504;6623;MEMB
1845;4704;2311;7015;MEMB
1846;4132;2450;6582;MEMB
1847;4129;1998;6127;MEMB
1848;4256;2232;6488;MEMB
1849;4305;2397;6702;MEMB
1850;4115;2012;6127;MEMB
1851;4256;2397;6653;MEMB
1852;3900;1848;5748;MEMB
1853;3564;2230;5794;MEMB
1854;4242;2059;6301;MEMB
1855;4320;2056;6376;MEMB
1856;4072;2484;6556;MEMB
1857;4343;1823;6166;MEMB
1858;4255;2269;6524;MEMB
1859;4232;2195;6427;MEMB
1860;4083;2394;6477;MEMB
1861;4316;1591;5907;MEMB
1862;4419;1737;6156;MEMB
1863;4529;1736;6265;MEMB
1864;4291;2186;6477;MEMB
1865;4174;1887;6061;MEMB
1866;4279;1942;6221;MEMB
1867;4059;1776;5835;MEMB
1868;3969;1764;5733;MEMB
1869;4469;2287;6756;MEMB
1870;4533;1744;6277;MEMB
1871;4165;2307;6472;MEMB
1872;3989;2449;6438;MEMB
1873;4223;2323;6546;MEMB
1874;4298;2051;6349;MEMB
1875;4161;2555;6716;MEMB
1876;4481;2471;6952;MEMB
1877;4194;2086;6280;MEMB
1878;4249;2026;6275;MEMB
1879;4454;1942;6396;MEMB
1880;3934;2212;6146;MEMB
1881;3814;2283;6097;MEMB
1882;4045;2123;6168;MEMB
1883;4332;2194;6526;MEMB
1884;3695;2164;5859;MEMB
1885;4530;1923;6453;MEMB
1886;4271;2347;6618;MEMB
1887;4158;2429;6587;MEMB
1888;4179;1861;6040;MEMB
1889;4163;2041;6204;MEMB
1890;4393;1443;5836;MEMB
1891;4361;2301;6662;MEMB
1892;4067;2666;6733;MEMB
1893;4178;2407;6585;MEMB
1894;3936;1991;5927;MEMB
1895;3811;2327;6138;MEMB
1896;4233;2017;6250;MEMB
1897;4248;2225;6473;MEMB
1898;4095;2853;6948;MEMB
1899;3981;1770;5751;MEMB
1900;4697;2806;7503;MEMB
1901;4106;2780;6886;MEMB
1902;4221;2192;6413;MEMB
1903;4238;2049;6287;MEMB
1904;4376;1904;6280;MEMB
1905;4477;2117;6594;MEMB
1906;4321;1933;6254;MEMB
1907;3995;2443;6438;MEMB
1908;4225;2036;6261;MEMB
1909;4327;1754;6081;MEMB
1910;4404;1822;6226;MEMB
1911;4643;2396;7039;MEMB
1912;4459;2017;6476;MEMB
1913;4478;2103;6581;MEMB
1914;4579;2460;7039;MEMB
1915;3907;2290;6197;MEMB
1916;4368;2032;6400;MEMB
1917;4241;1958;6199;MEMB
1918;4074;2152;6226;MEMB
1919;4265;2219;6484;MEMB
1920;3883;2219;6102;MEMB
1921;4535;2040;6575;MEMB
1922;4394;2611;7005;MEMB
1923;4369;2246;6615;MEMB
1924;4440;1519;5959;MEMB
1925;4398;1896;6294;MEMB
1926;4354;1780;6134;MEMB
1927;4048;1932;5980;MEMB
1928;4279;2503;6782;MEMB
1929;3806;1947;5753;MEMB
1930;4002;1793;5795;MEMB
1931;3758;2215;5973;MEMB
1932;4403;2577;6980;MEMB
1933;4197;2090;6287;MEMB
1934;4316;2485;6801;MEMB
1935;4372;2018;6390;MEMB
1936;4221;2054;6275;MEMB
1937;4575;2246;6821;MEMB
1938;4228;1828;6056;MEMB
1939;3996;2594;6590;MEMB
1940;4459;2688;7147;MEMB
1941;4297;2615;6912;MEMB
1942;4459;1839;6298;MEMB
1943;3882;2053;5935;MEMB
1944;4305;1637;5942;MEMB
1945;4447;2394;6841;MEMB
1946;4182;2356;6538;MEMB
1947;4281;2221;6502;MEMB
1948;4208;2189;6397;MEMB
1949;4273;1892;6165;MEMB
1950;4432;1725;6157;MEMB
1951;4072;2443;6515;MEMB
1952;4311;2170;6481;MEMB
1953;4804;2263;7067;MEMB
1954;4557;1952;6509;MEMB
1955;4343;1730;6073;MEMB
1956;4293;2056;6349;MEMB
1957;4482;2232;6714;MEMB
1958;4328;2485;6813;MEMB
1959;4371;2344;6715;MEMB
1960;4085;2236;6321;MEMB
1961;4233;1737;5970;MEMB
1962;4661;2121;6782;MEMB
1963;4624;2358;6982;MEMB
1964;4573;1914;6487;MEMB
1965;3851;1931;5782;MEMB
1966;4405;2587;6992;MEMB
1967;4539;2424;6963;MEMB
1968;4448;2108;6556;MEMB
1969;3933;1675;5608;MEMB
1970;3984;1873;5857;MEMB
1971;4046;2336;6382;MEMB
1972;4053;2192;6245;MEMB
1973;4433;2097;6530;MEMB
1974;4377;1860;6237;MEMB
1975;3856;1861;5717;MEMB
1976;4532;1807;6339;MEMB
1977;4211;2216;6427;MEMB
1978;4206;2375;6581;MEMB
1979;3808;2031;5839;MEMB
1980;3843;1700;5543;MEMB
1981;4564;2424;6988;MEMB
1982;4071;2222;6293;MEMB
1983;4440;2180;6620;MEMB
1984;4088;2120;6208;MEMB
1985;4390;1547;5937;MEMB
1986;4431;2181;6612;MEMB
1987;4222;2419;6641;MEMB
1988;4392;2186;6578;MEMB
1989;4187;1897;6084;MEMB
1990;3581;2415;5996;MEMB
1991;3997;2431;6428;MEMB
1992;4480;2307;6787;MEMB
1993;4491;2122;6613;MEMB
1994;4264;2020;6284;MEMB
1995;3865;2558;6423;MEMB
1996;3907;1709;5616;MEMB
1997;4378;1980;6358;MEMB
1998;3761;2281;6042;MEMB
1999;4102;1984;6086;MEMB
2000;4322;2052;6374;MEMB
2001;4312;2486;6798;MEMB
2002;4238;2261;6499;MEMB
2003;4628;2314;6942;MEMB
2004;4361;1961;6322;MEMB
2005;4590;2411;7001;MEMB
2006;4482;2090;6572;MEMB
2007;4542;2092;6634;MEMB
2008;4559;1900;6459;MEMB
2009;4488;2304;6792;MEMB
2010;4054;2353;6407;MEMB
2011;4537;1725;6262;MEMB
2012;4209;2213;6422;MEMB
2013;4523;2275;6798;MEMB
2014;4491;2273;6764;MEMB
2015;4233;2458;6691;MEMB
2016;4080;2347;6427;MEMB
2017;4258;2472;6730;MEMB
2018;4201;2182;6383;MEMB
2019;4461;2113;6574;MEMB
2020;4437;2276;6713;MEMB
2021;4046;2095;6141;MEMB
2022;4409;2331;6740;MEMB
2023;4569;2195;6764;MEMB
2024;3996;2061;6057;MEMB
2025;4675;2005;6680;MEMB
2026;4245;1991;6236;MEMB
2027;4440;2092;6532;MEMB
2028;4120;1805;5925;MEMB
2029;4508;2103;6611;MEMB
2030;4214;2306;6520;MEMB
2031;3810;1969;5779;MEMB
2032;4147;2076;6223;MEMB
2033;4419;2038;6457;MEMB
2034;4160;1911;6071;MEMB
2035;4500;2064;6564;MEMB
2036;4469;2205;6674;MEMB
2037;3895;1952;5847;MEMB
2038;4313;2656;6969;MEMB
2039;4166;1997;6163;MEMB
2040;4450;2159;6609;MEMB
2041;4446;2256;6702;MEMB
2042;4225;2373;6598;MEMB
2043;4378;2422;6800;MEMB
2044;4332;2082;6414;MEMB
2045;4347;2288;6635;MEMB
2046;4224;1976;6200;MEMB
2047;4340;2063;6403;MEMB
2048;4309;2250;6559;MEMB
2049;4316;1824;6140;MEMB
2050;4216;2233;6449;MEMB
2051;4038;2048;6086;MEMB
2052;4215;2100;6315;MEMB
2053;4300;2467;6767;MEMB
2054;4195;2154;6349;MEMB
2055;4358;2537;6895;MEMB
2056;4442;2470;6912;MEMB
2057;4572;2130;6702;MEMB
2058;4388;2361;6749;MEMB
2059;3949;1959;5908;MEMB
2060;4189;2077;6266;MEMB
2061;4217;2378;6595;MEMB
2062;4355;1781;6136;MEMB
2063;4550;1985;6535;MEMB
2064;4346;2228;6574;MEMB
2065;4418;2096;6514;MEMB
2066;4044;2320;6364;MEMB
2067;4669;2096;6765;MEMB
2068;4000;1854;5854;MEMB
2069;4378;2354;6732;MEMB
2070;4072;2060;6132;MEMB
2071;4397;2076;6473;MEMB
2072;4125;2463;6588;MEMB
2073;4014;2041;6055;MEMB
2074;4567;2016;6583;MEMB
2075;4025;1873;5898;MEMB
2076;4096;2040;6136;MEMB
2077;4307;2112;6419;MEMB
2078;4742;1780;6522;MEMB
2079;4434;2231;6665;MEMB
2080;4090;2185;6275;MEMB
2081;4123;1827;5950;MEMB
2082;4167;1756;5923;MEMB
2083;3511;1850;5361;MEMB
2084;4219;2287;6506;MEMB
2085;4292;2367;6659;MEMB
2086;4356;2261;6617;MEMB
2087;3652;2389;6041;MEMB
2088;4122;2026;6148;MEMB
2089;4639;2097;6736;MEMB
2090;4163;2172;6335;MEMB
2091;3974;2377;6351;MEMB
2092;3943;1564;5507;MEMB
2093;4282;1746;6028;MEMB
2094;4389;1887;6276;MEMB
2095;4624;2161;6785;MEMB
2096;4384;2185;6569;MEMB
2097;4284;1720;6004;MEMB
2098;4505;1833;6338;MEMB
2099;4452;2360;6812;MEMB
2100;4209;2225;6434;MEMB
2101;4257;1854;6111;MEMB
2102;4484;1611;6095;MEMB
2103;4506;2578;7084;MEMB
2104;4521;1803;6324;MEMB
2105;4542;1859;6401;MEMB
2106;4133;2192;6325;MEMB
2107;3916;2181;6097;MEMB
2108;4301;1819;6120;MEMB
2109;4193;2129;6322;MEMB
2110;4330;2506;6836;MEMB
2111;3932;1920;5852;MEMB
2112;4504;2094;6598;MEMB
2113;4004;2501;6505;MEMB
2114;3963;2042;6005;MEMB
2115;4200;1998;6198;MEMB
2116;4360;1822;6182;MEMB
2117;4043;2054;6097;MEMB
2118;4995;2219;7214;MEMB
2119;4246;2030;6276;MEMB
2120;4321;2502;6823;MEMB
2121;4496;1694;6190;MEMB
2122;4157;1772;5929;MEMB
2123;4448;2410;6858;MEMB
2124;4224;2045;6269;MEMB
2125;4027;2368;6395;MEMB
2126;4341;2157;6498;MEMB
2127;4882;2365;7247;MEMB
2128;4717;1864;6581;MEMB
2129;4072;2443;6515;MEMB
2130;4129;1949;6078;MEMB
2131;4293;1877;6170;MEMB
2132;4312;2211;6523;MEMB
2133;4122;2405;6527;MEMB
2134;4253;2116;6369;MEMB
2135;4326;2288;6614;MEMB
2136;4306;1980;6286;MEMB
2137;4453;2235;6688;MEMB
2138;4038;2127;6165;MEMB
2139;4338;2128;6466;MEMB
2140;4408;2462;6870;MEMB
2141;4800;2246;7046;MEMB
2142;4607;2089;6696;MEMB
2143;4327;1978;6305;MEMB
2144;4528;2348;6876;MEMB
2145;4298;1711;6009;MEMB
2146;4459;1978;6437;MEMB
2147;4173;1466;5639;MEMB
2148;4310;2167;6477;MEMB
2149;4217;2271;6488;MEMB
2150;4069;2130;6199;MEMB
2151;4270;2218;6488;MEMB
2152;4086;1627;5713;MEMB
2153;4459;2160;6619;MEMB
2154;3879;2087;5966;MEMB
2155;4377;1847;6224;MEMB
2156;4612;2259;6871;MEMB
2157;4040;2488;6528;MEMB
2158;3979;2366;6345;MEMB
2159;4142;2381;6523;MEMB
2160;4087;2351;6438;MEMB
2161;4251;1991;6242;MEMB
2162;4249;2016;6265;MEMB
2163;4181;2900;7081;MEMB
2164;4016;2202;6218;MEMB
2165;4247;1311;5558;MEMB
2166;4497;2545;7042;MEMB
2167;3852;2448;6300;MEMB
2168;3929;1741;5670;MEMB
2169;3872;2318;6190;MEMB
2170;4381;2555;6936;MEMB
2171;4150;2417;6567;MEMB
2172;4440;2155;6595;MEMB
2173;4182;1945;6127;MEMB
2174;3770;2257;6027;MEMB
2175;3838;2243;6081;MEMB
2176;4400;2543;6943;MEMB
2177;3994;2619;6613;MEMB
2178;4111;2415;6526;MEMB
2179;4293;2023;6316;MEMB
2180;4318;2065;6383;MEMB
2181;4427;2148;6575;MEMB
2182;4251;2209;6460;MEMB
2183;4148;2096;6244;MEMB
2184;4029;2120;6149;MEMB
2185;3631;2623;6254;MEMB
2186;4136;2012;6148;MEMB
2187;4835;2350;7185;MEMB
2188;4326;1856;6182;MEMB
2189;4209;2150;6359;MEMB
2190;4380;1984;6364;MEMB
2191;4312;2177;6489;MEMB
2192;4292;2054;6346;MEMB
2193;4046;1979;6025;MEMB
2194;4062;2426;6488;MEMB
2195;4346;1795;6141;MEMB
2196;4119;2362;6481;MEMB
2197;4205;2192;6397;MEMB
2198;4157;2181;6338;MEMB
2199;4413;2320;6733;MEMB
2200;4949;2260;7209;MEMB
2201;4666;2256;6922;MEMB
2202;4572;2391;6963;MEMB
2203;4113;1971;6084;MEMB
2204;4207;2026;6233;MEMB
2205;4526;1937;6463;MEMB
2206;3930;2374;6304;MEMB
2207;4244;2119;6363;MEMB
2208;4111;2117;6228;MEMB
2209;4230;2249;6479;MEMB
2210;4012;2176;6188;MEMB
2211;4213;2333;6546;MEMB
2212;4219;2000;6219;MEMB
2213;4451;1766;6217;MEMB
2214;4029;2636;6665;MEMB
2215;4549;2199;6748;MEMB
2216;4329;2033;6362;MEMB
2217;3699;1452;5151;MEMB
2218;4591;1917;6508;MEMB
2219;3735;2212;5947;MEMB
2220;4391;1867;6258;MEMB
2221;4578;2279;6857;MEMB
2222;3958;1582;5540;MEMB
2223;4150;2408;6558;MEMB
2224;4336;2274;6610;MEMB
2225;4355;2203;6558;MEMB
2226;4142;2272;6414;MEMB
2227;4680;2387;7067;MEMB
2228;3973;1928;5901;MEMB
2229;4568;2252;6820;MEMB
2230;3915;2599;6514;MEMB
2231;4062;2098;6160;MEMB
2232;3969;1681;5650;MEMB
2233;4533;2473;7006;MEMB
2234;4650;2106;6756;MEMB
2235;3909;2516;6425;MEMB
2236;4281;2067;6348;MEMB
2237;4191;2618;6809;MEMB
2238;4214;2551;6765;MEMB
2239;4135;1949;6084;MEMB
2240;3993;2549;6542;MEMB
2241;3981;2372;6353;MEMB
2242;4413;2391;6804;MEMB
2243;4206;2677;6883;MEMB
2244;4209;2345;6554;MEMB
2245;4393;2005;6398;MEMB
2246;4285;2875;7160;MEMB
2247;4574;1935;6509;MEMB
2248;4029;2444;6473;MEMB
2249;4349;2114;6463;MEMB
2250;4016;2255;6271;MEMB
2251;4518;1872;6390;MEMB
2252;4798;2438;7236;MEMB
2253;4606;2385;6991;MEMB
2254;3506;2483;5989;MEMB
2255;4102;1648;5750;MEMB
2256;4011;2502;6513;MEMB
2257;4181;1570;5751;MEMB
2258;4147;2224;6371;MEMB
2259;4781;2446;7227;MEMB
2260;4111;2055;6166;MEMB
2261;4440;1903;6343;MEMB
2262;4680;2524;7204;MEMB
2263;3894;1745;5639;MEMB
2264;4118;2306;6424;MEMB
2265;4216;1485;5701;MEMB
2266;4271;2133;6404;MEMB
2267;4238;1987;6225;MEMB
2268;4206;1791;5997;MEMB
2269;4542;1740;6282;MEMB
2270;4259;2447;6706;MEMB
2271;4595;2197;6792;MEMB
2272;4015;1995;6010;MEMB
2273;4413;2097;6510;MEMB
2274;4353;2271;6624;MEMB
2275;4756;2195;6951;MEMB
2276;4133;1974;6107;MEMB
2277;4682;2240;6922;MEMB
2278;4514;2380;6894;MEMB
2279;4166;2321;6487;MEMB
2280;4082;2623;6705;MEMB
2281;3841;2452;6293;MEMB
2282;4053;2028;6081;MEMB
2283;4103;2448;6551;MEMB
2284;4064;2274;6338;MEMB
2285;4525;2457;6982;MEMB
2286;4402;2467;6869;MEMB
2287;4542;2249;6791;MEMB
2288;4137;2014;6151;MEMB
2289;4160;2094;6254;MEMB
2290;4162;1796;5958;MEMB
2291;4379;2602;6981;MEMB
2292;4183;2045;6228;MEMB
2293;4059;2581;6640;MEMB
2294;4177;2556;6733;MEMB
2295;4048;2225;6273;MEMB
2296;4285;2128;6413;MEMB
2297;4373;2249;6622;MEMB
2298;4418;2556;6974;MEMB
2299;3912;2372;6284;MEMB
2300;4483;1881;6364;MEMB
2301;4510;2436;6946;MEMB
2302;4765;1932;6697;MEMB
2303;4315;1996;6311;MEMB
2304;3969;2103;6072;MEMB
2305;4203;2407;6610;MEMB
2306;4253;1979;6232;MEMB
2307;4082;2820;6902;MEMB
2308;3981;2189;6170;MEMB
2309;4054;2301;6355;MEMB
2310;4450;2035;6485;MEMB
2311;4086;2188;6274;MEMB
2312;3874;1951;5825;MEMB
2313;4154;1902;6056;MEMB
2314;4035;1725;5760;MEMB
2315;4265;1767;6032;MEMB
2316;4242;1956;6198;MEMB
2317;4542;2351;6893;MEMB
2318;4374;1950;6324;MEMB
2319;4305;1656;5961;MEMB
2320;4258;2332;6590;MEMB
2321;4283;2311;6594;MEMB
2322;4301;2215;6516;MEMB
2323;4495;2273;6768;MEMB
2324;4643;2216;6859;MEMB
2325;4154;2015;6169;MEMB
2326;4187;2066;6253;MEMB
2327;4706;2697;7403;MEMB
2328;4543;2175;6718;MEMB
2329;3993;2122;6115;MEMB
2330;4518;2105;6623;MEMB
2331;4246;2539;6785;MEMB
2332;4487;2182;6669;MEMB
2333;4165;1824;5989;MEMB
2334;4521;2259;6780;MEMB
2335;4129;2533;6662;MEMB
2336;4246;2168;6414;MEMB
2337;4452;1758;6210;MEMB
2338;4922;1691;6613;MEMB
2339;4254;2324;6578;MEMB
2340;4137;2074;6211;MEMB
2341;4536;1750;6286;MEMB
2342;4542;2125;6667;MEMB
2343;4355;2050;6405;MEMB
2344;4438;2665;7103;MEMB
2345;4577;2313;6890;MEMB
2346;4155;2253;6408;MEMB
2347;4857;2129;6986;MEMB
2348;4326;1991;6317;MEMB
2349;3626;2027;5653;MEMB
2350;4392;1859;6251;MEMB
2351;4313;1916;6229;MEMB
2352;4232;1859;6091;MEMB
2353;4386;2105;6491;MEMB
2354;4774;2244;7018;MEMB
2355;4304;2475;6779;MEMB
2356;4024;2265;6289;MEMB
2357;4119;2260;6379;MEMB
2358;4322;2316;6638;MEMB
2359;4161;2157;6318;MEMB
2360;4580;1636;6216;MEMB
2361;4313;2032;6345;MEMB
2362;4471;1983;6454;MEMB
2363;3901;2011;5912;MEMB
2364;4177;1916;6093;MEMB
2365;4443;2405;6848;MEMB
2366;4505;2697;7202;MEMB
2367;4027;2289;6316;MEMB
2368;4523;2293;6816;MEMB
2369;4182;2067;6249;MEMB
2370;4215;1735;5950;MEMB
2371;3830;2511;6341;MEMB
2372;3983;2506;6489;MEMB
2373;4085;1972;6057;MEMB
2374;4013;1937;5950;MEMB
2375;4410;1909;6319;MEMB
2376;4511;2209;6720;MEMB
2377;4223;2413;6636;MEMB
2378;4133;2311;6444;MEMB
2379;4111;2338;6449;MEMB
2380;4177;1980;6157;MEMB
2381;4267;2584;6851;MEMB
2382;4172;2203;6375;MEMB
2383;4202;1732;5934;MEMB
2384;4089;2503;6592;MEMB
2385;4422;1963;6385;MEMB
2386;4486;2072;6558;MEMB
2387;3981;2501;6482;MEMB
2388;4260;2386;6646;MEMB
2389;4264;2059;6323;MEMB
2390;4212;2262;6474;MEMB
2391;4138;1555;5693;MEMB
2392;4618;1827;6445;MEMB
2393;3766;2640;6406;MEMB
2394;4071;2279;6350;MEMB
2395;4211;2648;6859;MEMB
2396;4158;2236;6394;MEMB
2397;4538;1783;6321;MEMB
2398;4638;2317;6955;MEMB
2399;4346;1964;6310;MEMB
2400;4166;2209;6375;MEMB
